# Prescaler value (tone_index hex_value)
00000000 00000000
00000001 00000000
00000002 00000000
00000003 00000000
00000004 00000000
00000005 00000000
00000006 00000000
00000007 00000000
00000008 00000000
00000009 00000000
00000010 00000000
00000011 00000000
00000012 000000AD
00000013 000000C3
00000014 000000C3
00000015 000000C3
00000016 000000C3
00000017 000000C3
00000018 000000C3
00000019 000000C3
00000020 000000C3
00000021 000000C3
00000022 000000C3
00000023 000000C3
00000024 000000C3
00000025 000000C3
00000026 000000C3
00000027 000000C3
00000028 000000C3
00000029 000000C3
00000030 000000C4
00000031 000000C4
00000032 000000C4
00000033 000000C5
00000034 000000C5
00000035 000000C5
00000036 000000C6
00000037 000000C6
00000038 000000C7
00000039 000000C7
00000040 000000C8
00000041 000000C8
00000042 000000C9
00000043 000000C9
00000044 000000CA
00000045 000000CA
00000046 000000CB
00000047 000000CB
00000048 000000CC
00000049 000000CC
00000050 000000CC
00000051 000000CD
00000052 000000CD
00000053 000000CE
00000054 000000CE
00000055 000000CE
00000056 000000CE
00000057 000000CF
00000058 000000CF
00000059 000000CF
00000060 000000CF
00000061 000000CF
00000062 000000CF
00000063 000000D0
00000064 000000D0
00000065 000000D0
00000066 00000000
00000067 00000000
00000068 00000000
00000069 00000000
00000070 00000000
00000071 00000000
00000072 00000000
00000073 00000000
00000074 00000000
00000075 00000000
00000076 00000000
00000077 00000000
00000078 00000000
00000079 00000000
00000080 00000000
00000081 00000000
00000082 00000000
00000083 00000000
00000084 00000000
00000085 00000000
00000086 00000000
00000087 00000000
00000088 00000000
00000089 00000000
00000090 00000000
00000091 00000000
00000092 00000000
00000093 00000000
00000094 000000D3
00000095 000000D3
00000096 000000D4
00000097 000000D4
00000098 000000D4
00000099 000000D4
00000100 000000D5
00000101 000000D5
00000102 000000D5
00000103 000000D5
00000104 000000D6
00000105 000000D6
00000106 000000D6
00000107 000000D7
00000108 000000D7
00000109 000000D7
00000110 000000D8
00000111 000000D8
00000112 000000D8
00000113 000000D9
00000114 000000D9
00000115 000000D9
00000116 000000DA
00000117 000000DA
00000118 000000DA
00000119 000000DB
00000120 000000DB
00000121 000000DB
00000122 000000DC
00000123 000000DC
00000124 000000DC
00000125 000000DD
00000126 000000DD
00000127 000000DD
00000128 000000DE
00000129 000000DE
00000130 000000DE
00000131 000000DF
00000132 000000DF
00000133 000000DF
00000134 000000E0
00000135 000000E0
00000136 000000E0
00000137 000000E1
00000138 000000E1
00000139 000000E1
00000140 000000E2
00000141 00000000
00000142 00000000
00000143 00000000
00000144 00000000
00000145 00000000
00000146 00000000
00000147 00000000
00000148 00000000
00000149 00000000
00000150 00000000
00000151 00000000
00000152 000000E5
00000153 000000E5
00000154 000000E6
00000155 000000E6
00000156 000000E6
00000157 000000E6
00000158 000000E6
00000159 000000E6
00000160 000000E6
00000161 000000E7
00000162 000000E7
00000163 000000E7
00000164 000000E7
00000165 000000E7
00000166 000000E7
00000167 000000E7
00000168 000000E7
00000169 000000E7
00000170 000000E7
00000171 000000E8
00000172 000000E8
00000173 000000E8
00000174 000000E8
00000175 000000E8
00000176 000000E8
00000177 000000E8
00000178 000000E8
00000179 000000E8
00000180 000000E8
00000181 000000E9
00000182 000000E9
00000183 000000E9
00000184 000000E9
00000185 000000E9
00000186 000000E9
00000187 000000E9
00000188 000000E9
00000189 000000EA
00000190 000000EA
00000191 000000EA
00000192 000000EA
00000193 000000EA
00000194 000000EB
00000195 000000EB
00000196 000000EB
00000197 000000EC
00000198 000000EC
00000199 000000EC
00000200 000000EC
00000201 000000ED
00000202 000000ED
00000203 000000ED
00000204 000000EE
00000205 000000EE
00000206 000000EF
00000207 000000EF
00000208 000000EF
00000209 00000000
00000210 00000000
00000211 00000000
00000212 00000000
00000213 00000000
00000214 00000000
00000215 00000000
00000216 00000000
00000217 00000000
00000218 00000000
00000219 00000000
00000220 00000000
00000221 00000000
00000222 00000000
00000223 00000000
00000224 00000000
00000225 00000000
00000226 00000000
00000227 00000000
00000228 00000000
00000229 000000C3
00000230 000000F6
00000231 000000F7
00000232 000000F7
00000233 000000F7
00000234 000000F7
00000235 000000F8
00000236 000000F8
00000237 000000F8
00000238 000000F8
00000239 000000F9
00000240 000000F9
00000241 000000F9
00000242 000000FA
00000243 000000FA
00000244 000000FA
00000245 000000FA
00000246 000000FB
00000247 000000FB
00000248 000000FB
00000249 000000FC
00000250 000000FC
00000251 000000FC
00000252 000000FD
00000253 000000FD
00000254 000000FD
00000255 000000FE
00000256 000000FE
00000257 000000FF
00000258 000000FF
00000259 00000100
00000260 00000100
00000261 00000101
00000262 00000101
00000263 00000102
00000264 00000102
00000265 00000103
00000266 00000103
00000267 00000104
00000268 00000104
00000269 00000105
00000270 00000105
00000271 00000106
00000272 00000106
00000273 00000107
00000274 00000108
00000275 00000108
00000276 00000109
00000277 00000109
00000278 0000010A
00000279 0000010A
00000280 0000010B
00000281 0000010B
00000282 0000010C
00000283 0000010C
00000284 0000010C
00000285 0000010D
00000286 0000010D
00000287 0000010E
00000288 0000010E
00000289 0000010E
00000290 0000010F
00000291 0000010F
00000292 0000010F
00000293 0000010F
00000294 00000110
00000295 00000110
00000296 00000110
00000297 00000111
00000298 00000111
00000299 00000111
00000300 00000111
00000301 00000112
00000302 00000112
00000303 00000112
00000304 00000112
00000305 00000113
00000306 00000113
00000307 00000113
00000308 00000113
00000309 00000114
00000310 00000114
00000311 00000114
00000312 00000114
00000313 00000115
00000314 00000115
00000315 00000115
00000316 00000116
00000317 00000116
00000318 00000116
00000319 00000116
00000320 00000117
00000321 00000117
00000322 00000117
00000323 00000118
00000324 00000118
00000325 00000118
00000326 00000119
00000327 00000119
00000328 00000119
00000329 0000011A
00000330 0000011A
00000331 0000011A
00000332 0000011B
00000333 0000011B
00000334 0000011C
00000335 0000011C
00000336 00000000
00000337 00000000
00000338 00000000
00000339 00000000
00000340 00000000
00000341 00000000
00000342 00000000
00000343 00000000
00000344 00000000
00000345 00000000
00000346 00000120
00000347 00000120
00000348 00000120
00000349 00000120
00000350 00000121
00000351 00000121
00000352 00000121
00000353 00000121
00000354 00000121
00000355 00000121
00000356 00000122
00000357 00000122
00000358 00000122
00000359 00000122
00000360 00000122
00000361 00000122
00000362 00000122
00000363 00000123
00000364 00000123
00000365 00000123
00000366 00000123
00000367 00000123
00000368 00000123
00000369 00000123
00000370 00000123
00000371 00000123
00000372 00000124
00000373 00000124
00000374 00000124
00000375 00000124
00000376 00000124
00000377 00000124
00000378 00000124
00000379 00000124
00000380 00000124
00000381 00000125
00000382 00000125
00000383 00000125
00000384 00000125
00000385 00000125
00000386 00000126
00000387 00000126
00000388 00000126
00000389 00000126
00000390 00000126
00000391 00000127
00000392 00000127
00000393 00000127
00000394 00000127
00000395 00000128
00000396 00000128
00000397 00000128
00000398 00000128
00000399 00000129
00000400 00000129
00000401 00000129
00000402 0000012A
00000403 0000012A
00000404 0000012A
00000405 0000012B
00000406 0000012B
00000407 0000012B
00000408 0000012C
00000409 0000012C
00000410 0000012C
00000411 0000012D
00000412 0000012D
00000413 0000012D
00000414 0000012E
00000415 0000012E
00000416 0000012E
00000417 0000012F
00000418 0000012F
00000419 0000012F
00000420 00000130
00000421 00000130
00000422 00000131
00000423 00000131
00000424 00000132
00000425 00000133
00000426 00000133
00000427 00000134
00000428 00000134
00000429 00000135
00000430 00000136
00000431 00000136
00000432 00000137
00000433 00000138
00000434 00000138
00000435 00000139
00000436 0000013A
00000437 0000013A
00000438 0000013B
00000439 0000013B
00000440 0000013C
00000441 0000013C
00000442 0000013D
00000443 0000013D
00000444 0000013E
00000445 0000013E
00000446 0000013E
00000447 0000013F
00000448 0000013F
00000449 0000013F
00000450 0000013F
00000451 0000013F
00000452 0000013F
00000453 0000013F
00000454 0000013F
00000455 0000013E
00000456 0000013E
00000457 0000013E
00000458 0000013D
00000459 0000013D
00000460 0000013C
00000461 0000013C
00000462 0000013B
00000463 0000013B
00000464 0000013A
00000465 0000013A
00000466 00000139
00000467 00000138
00000468 00000138
00000469 00000137
00000470 00000137
00000471 00000136
00000472 00000135
00000473 00000135
00000474 00000134
00000475 00000134
00000476 00000133
00000477 00000133
00000478 00000132
00000479 00000132
00000480 00000131
00000481 00000131
00000482 00000130
00000483 00000130
00000484 00000130
00000485 0000012F
00000486 0000012F
00000487 0000012F
00000488 0000012E
00000489 0000012E
00000490 0000012E
00000491 0000012D
00000492 0000012D
00000493 0000012D
00000494 0000012C
00000495 0000012C
00000496 00000000
00000497 00000000
00000498 00000000
00000499 00000000
00000500 00000000
00000501 00000000
00000502 00000000
00000503 00000000
00000504 00000000
00000505 00000000
00000506 00000000
00000507 00000000
00000508 00000000
00000509 00000000
00000510 00000000
00000511 00000000
00000512 00000000
00000513 00000000
00000514 00000000
00000515 00000000
00000516 00000000
00000517 00000000
00000518 00000128
00000519 00000128
00000520 00000128
00000521 00000128
00000522 00000128
00000523 00000128
00000524 00000128
00000525 00000128
00000526 00000128
00000527 00000128
00000528 00000128
00000529 00000128
00000530 00000128
00000531 00000128
00000532 00000128
00000533 00000128
00000534 00000128
00000535 00000128
00000536 00000128
00000537 00000128
00000538 00000128
00000539 00000128
00000540 00000128
00000541 00000128
00000542 00000128
00000543 00000128
00000544 00000128
00000545 00000128
00000546 00000128
00000547 00000128
00000548 00000128
00000549 00000128
00000550 00000128
00000551 00000128
00000552 00000128
00000553 00000128
00000554 00000128
00000555 00000128
00000556 00000128
00000557 00000128
00000558 00000128
00000559 00000128
00000560 00000128
00000561 00000128
00000562 00000128
00000563 00000128
00000564 00000128
00000565 00000128
00000566 00000128
00000567 00000127
00000568 00000127
00000569 00000127
00000570 00000127
00000571 00000127
00000572 00000127
00000573 00000127
00000574 00000127
00000575 00000127
00000576 00000127
00000577 00000127
00000578 00000127
00000579 00000127
00000580 00000127
00000581 00000127
00000582 00000127
00000583 00000127
00000584 00000127
00000585 00000127
00000586 00000127
00000587 00000126
00000588 00000126
00000589 00000126
00000590 00000126
00000591 00000125
00000592 00000125
00000593 00000124
00000594 00000124
00000595 00000124
00000596 00000123
00000597 00000123
00000598 00000122
00000599 00000122
00000600 00000121
00000601 00000121
00000602 00000120
00000603 00000120
00000604 0000011F
00000605 0000011F
00000606 0000011E
00000607 0000011E
00000608 0000011D
00000609 0000011D
00000610 0000011C
00000611 0000011C
00000612 0000011C
00000613 0000011B
00000614 0000011B
00000615 0000011B
00000616 0000011A
00000617 0000011A
00000618 0000011A
00000619 0000011A
00000620 00000119
00000621 00000119
00000622 00000119
00000623 00000118
00000624 00000118
00000625 00000118
00000626 00000118
00000627 00000117
00000628 00000117
00000629 00000117
00000630 00000117
00000631 00000116
00000632 00000116
00000633 00000116
00000634 00000116
00000635 00000115
00000636 00000115
00000637 00000115
00000638 00000115
00000639 00000114
00000640 00000114
00000641 00000114
00000642 00000114
00000643 00000114
00000644 00000113
00000645 00000113
00000646 00000113
00000647 00000113
00000648 00000112
00000649 00000112
00000650 00000112
00000651 00000112
00000652 00000111
00000653 00000111
00000654 00000111
00000655 00000111
00000656 00000110
00000657 00000110
00000658 00000110
00000659 00000110
00000660 0000010F
00000661 000000F1
00000662 000000CB
00000663 00000000
00000664 00000000
00000665 00000000
00000666 00000000
00000667 00000000
00000668 00000000
00000669 00000000
00000670 00000000
00000671 00000000
00000672 00000000
00000673 00000000
00000674 00000000
00000675 0000010C
00000676 0000010C
00000677 0000010C
00000678 0000010C
00000679 0000010C
00000680 0000010C
00000681 0000010C
00000682 0000010C
00000683 0000010C
00000684 0000010C
00000685 0000010C
00000686 0000010C
00000687 0000010C
00000688 0000010C
00000689 0000010C
00000690 0000010C
00000691 0000010D
00000692 0000010D
00000693 0000010D
00000694 0000010D
00000695 0000010D
00000696 0000010D
00000697 0000010D
00000698 0000010D
00000699 0000010D
00000700 0000010D
00000701 0000010D
00000702 0000010D
00000703 0000010D
00000704 0000010D
00000705 0000010D
00000706 0000010D
00000707 0000010E
00000708 0000010E
00000709 0000010E
00000710 0000010E
00000711 0000010E
00000712 0000010E
00000713 0000010E
00000714 0000010E
00000715 0000010E
00000716 0000010E
00000717 0000010D
00000718 0000010D
00000719 0000010D
00000720 0000010D
00000721 0000010D
00000722 0000010D
00000723 0000010D
00000724 0000010D
00000725 0000010D
00000726 0000010C
00000727 0000010C
00000728 0000010C
00000729 0000010C
00000730 0000010C
00000731 0000010B
00000732 0000010B
00000733 0000010B
00000734 0000010B
00000735 0000010B
00000736 0000010A
00000737 0000010A
00000738 0000010A
00000739 0000010A
00000740 0000010A
00000741 0000010A
00000742 0000010A
00000743 0000010A
00000744 0000010A
00000745 0000010A
00000746 0000010A
00000747 000000D7
00000748 000000D7
00000749 000000D7
00000750 000000D7
00000751 000000D7
00000752 000000D7
00000753 00000106
00000754 00000106
00000755 00000106
00000756 00000105
00000757 00000105
00000758 00000105
00000759 00000104
00000760 00000104
00000761 00000104
00000762 00000103
00000763 00000103
00000764 00000103
00000765 00000102
00000766 00000102
00000767 00000102
00000768 00000101
00000769 00000101
00000770 00000101
00000771 00000100
00000772 00000100
00000773 00000100
00000774 000000FF
00000775 000000FF
00000776 000000FF
00000777 000000FE
00000778 000000FE
00000779 000000FE
00000780 000000FD
00000781 000000FD
00000782 000000FD
00000783 00000000
00000784 00000000
00000785 00000000
00000786 00000000
00000787 00000000
00000788 00000000
00000789 00000000
00000790 00000000
00000791 00000000
00000792 00000000
00000793 00000000
00000794 00000000
00000795 00000000
00000796 00000000
00000797 00000000
00000798 00000000
00000799 00000000
00000800 00000000
00000801 00000000
00000802 00000000
00000803 00000000
00000804 00000000
00000805 00000000
00000806 00000000
00000807 00000000
00000808 00000000
00000809 000000F5
00000810 000000F5
00000811 000000F5
00000812 000000F5
00000813 000000F5
00000814 000000F5
00000815 000000F5
00000816 000000F6
00000817 000000F6
00000818 000000F6
00000819 000000F6
00000820 000000F6
00000821 000000F7
00000822 000000F7
00000823 000000F7
00000824 000000F8
00000825 000000F8
00000826 000000F8
00000827 000000F9
00000828 000000F9
00000829 000000F9
00000830 000000FA
00000831 000000FA
00000832 000000FA
00000833 000000FB
00000834 000000FB
00000835 000000FB
00000836 000000FB
00000837 000000FC
00000838 000000FC
00000839 000000FC
00000840 000000FC
00000841 000000FC
00000842 000000FC
00000843 000000FC
00000844 000000FC
00000845 000000FC
00000846 000000FC
00000847 000000FC
00000848 000000FC
00000849 000000FC
00000850 000000FC
00000851 000000FC
00000852 000000FC
00000853 000000FC
00000854 000000FC
00000855 000000FB
00000856 000000FB
00000857 000000FB
00000858 000000FB
00000859 000000FB
00000860 000000FB
00000861 000000FA
00000862 000000FA
00000863 000000FA
00000864 000000FA
00000865 000000FA
00000866 000000FA
00000867 000000F9
00000868 000000F9
00000869 000000F9
00000870 000000F9
00000871 000000F9
00000872 000000F9
00000873 000000F9
00000874 000000F9
00000875 000000F9
00000876 000000F9
00000877 000000F9
00000878 000000F9
00000879 000000F9
00000880 000000F9
00000881 000000F9
00000882 000000F9
00000883 000000F9
00000884 000000F9
00000885 000000F9
00000886 000000F9
00000887 000000F9
00000888 000000F9
00000889 000000F9
00000890 000000F9
00000891 000000F9
00000892 000000F9
00000893 000000F9
00000894 000000F9
00000895 000000F9
00000896 000000F9
00000897 000000F9
00000898 000000F9
00000899 000000F9
00000900 000000F9
00000901 000000F9
00000902 000000F9
00000903 000000F9
00000904 000000F9
00000905 000000F9
00000906 000000F9
00000907 000000F9
00000908 000000F9
00000909 000000F9
00000910 000000F9
00000911 000000F9
00000912 000000F9
00000913 000000F9
00000914 000000FA
00000915 000000FA
00000916 000000FA
00000917 000000FA
00000918 000000FA
00000919 000000FB
00000920 000000FB
00000921 000000FB
00000922 000000FC
00000923 000000FC
00000924 000000FC
00000925 000000FD
00000926 000000FD
00000927 000000FD
00000928 000000FE
00000929 000000FE
00000930 000000FE
00000931 000000FE
00000932 000000FF
00000933 000000FF
00000934 000000FF
00000935 00000100
00000936 00000100
00000937 00000100
00000938 00000100
00000939 00000101
00000940 00000101
00000941 00000101
00000942 00000000
00000943 00000000
00000944 00000000
00000945 00000000
00000946 00000000
00000947 00000000
00000948 00000000
00000949 00000000
00000950 00000000
00000951 00000000
00000952 00000000
00000953 00000000
00000954 00000102
00000955 00000102
00000956 00000102
00000957 00000102
00000958 00000102
00000959 00000102
00000960 00000102
00000961 00000102
00000962 00000102
00000963 00000102
00000964 00000102
00000965 00000102
00000966 00000102
00000967 00000102
00000968 00000102
00000969 00000102
00000970 00000102
00000971 00000102
00000972 00000102
00000973 00000103
00000974 00000103
00000975 00000103
00000976 00000103
00000977 00000103
00000978 00000103
00000979 00000103
00000980 00000103
00000981 00000103
00000982 00000103
00000983 00000103
00000984 00000104
00000985 00000104
00000986 00000104
00000987 00000104
00000988 00000104
00000989 00000104
00000990 00000104
00000991 00000104
00000992 00000104
00000993 00000105
00000994 00000105
00000995 00000105
00000996 00000105
00000997 00000105
00000998 00000105
00000999 00000105
00001000 00000106
00001001 00000106
00001002 00000106
00001003 00000106
00001004 00000106
00001005 00000106
00001006 00000107
00001007 00000107
00001008 00000107
00001009 00000107
00001010 00000107
00001011 00000108
00001012 00000108
00001013 00000108
00001014 00000108
00001015 00000109
00001016 00000109
00001017 00000109
00001018 0000010A
00001019 0000010A
00001020 0000010A
00001021 0000010B
00001022 0000010B
00001023 0000010B
00001024 0000010C
00001025 0000010C
00001026 0000010C
00001027 0000010D
00001028 0000010D
00001029 0000010D
00001030 0000010E
00001031 0000010E
00001032 0000010F
00001033 0000010F
00001034 0000010F
00001035 00000110
00001036 00000110
00001037 00000110
00001038 00000111
00001039 00000111
00001040 00000112
00001041 00000112
00001042 00000112
00001043 00000113
00001044 00000113
00001045 00000114
00001046 00000114
00001047 00000115
00001048 00000115
00001049 00000115
00001050 00000116
00001051 00000116
00001052 00000117
00001053 00000117
00001054 00000118
00001055 00000118
00001056 00000119
00001057 00000119
00001058 0000011A
00001059 0000011A
00001060 0000011B
00001061 0000011B
00001062 0000011C
00001063 0000011C
00001064 0000011D
00001065 0000011D
00001066 0000011D
00001067 000000D6
00001068 000000D6
00001069 000000D6
00001070 00000000
00001071 00000000
00001072 00000000
00001073 00000000
00001074 00000000
00001075 00000000
00001076 00000000
00001077 00000000
00001078 00000000
00001079 00000000
00001080 00000000
00001081 00000000
00001082 00000000
00001083 00000000
00001084 00000000
00001085 00000000
00001086 00000000
00001087 00000000
00001088 00000000
00001089 00000000
00001090 00000000
00001091 00000000
00001092 00000000
00001093 00000000
00001094 00000000
00001095 00000000
00001096 00000000
00001097 00000000
00001098 00000000
00001099 00000000
00001100 00000000
00001101 00000000
00001102 00000000
00001103 00000000
00001104 00000000
00001105 00000000
00001106 00000000
00001107 00000000
00001108 00000000
00001109 00000000
00001110 00000000
00001111 00000000
00001112 00000000
00001113 00000000
00001114 00000000
00001115 00000000
00001116 00000000
00001117 00000000
00001118 00000000
00001119 00000000
00001120 00000000
00001121 00000000
00001122 00000000
00001123 00000000
00001124 00000000
00001125 00000000
00001126 00000000
00001127 00000000
00001128 00000000
00001129 00000000
00001130 00000000
00001131 00000000
00001132 00000000
00001133 00000000
00001134 00000000
00001135 00000000
00001136 00000000
00001137 00000000
00001138 00000000
00001139 00000000
00001140 00000000
00001141 00000000
00001142 00000000
00001143 00000000
00001144 00000000
00001145 00000000
00001146 00000000
00001147 00000000
00001148 00000000
00001149 00000000
00001150 00000000
00001151 00000000
00001152 00000000
00001153 00000000
00001154 00000000
