# Prescaler value (tone_index hex_value)
00000000 00000000
00000001 00000000
00000002 00000000
00000003 00000000
00000004 00000000
00000005 00000000
00000006 00000000
00000007 00000000
00000008 00000000
00000009 00000000
00000010 00000000
00000011 00000000
00000012 000000D0
00000013 000000D0
00000014 000000D0
00000015 000000D0
00000016 000000D0
00000017 000000D0
00000018 000000D0
00000019 000000D0
00000020 000000D0
00000021 000000D0
00000022 000000D0
00000023 000000D0
00000024 000000D0
00000025 000000D0
00000026 000000D0
00000027 000000D0
00000028 000000D0
00000029 000000D1
00000030 000000D1
00000031 000000D1
00000032 000000D1
00000033 000000D1
00000034 000000D1
00000035 000000D1
00000036 000000D2
00000037 000000D2
00000038 000000D2
00000039 000000D2
00000040 000000D2
00000041 000000D3
00000042 000000D3
00000043 000000D3
00000044 000000D3
00000045 000000D3
00000046 000000D4
00000047 000000D4
00000048 000000D4
00000049 000000D4
00000050 000000D4
00000051 000000D5
00000052 000000D5
00000053 000000D5
00000054 000000D5
00000055 000000D5
00000056 000000D5
00000057 000000D5
00000058 000000D6
00000059 000000D6
00000060 000000D6
00000061 000000D6
00000062 000000D6
00000063 000000D6
00000064 000000D6
00000065 000000D7
00000066 00000000
00000067 00000000
00000068 00000000
00000069 00000000
00000070 00000000
00000071 00000000
00000072 00000000
00000073 00000000
00000074 00000000
00000075 00000000
00000076 00000000
00000077 00000000
00000078 00000000
00000079 00000000
00000080 00000000
00000081 00000000
00000082 00000000
00000083 00000000
00000084 00000000
00000085 00000000
00000086 00000000
00000087 00000000
00000088 00000000
00000089 00000000
00000090 00000000
00000091 00000000
00000092 00000000
00000093 00000000
00000094 000000D9
00000095 000000D9
00000096 000000D9
00000097 000000D9
00000098 000000D9
00000099 000000D9
00000100 000000D9
00000101 000000D8
00000102 000000D8
00000103 000000D8
00000104 000000D8
00000105 000000D8
00000106 000000D8
00000107 000000D8
00000108 000000D7
00000109 000000D7
00000110 000000D7
00000111 000000D7
00000112 000000D7
00000113 000000D7
00000114 000000D7
00000115 000000D7
00000116 000000D7
00000117 000000D6
00000118 000000D6
00000119 000000D6
00000120 000000D6
00000121 000000D6
00000122 000000D6
00000123 000000D6
00000124 000000D6
00000125 000000D6
00000126 000000D6
00000127 000000D6
00000128 000000D6
00000129 000000D6
00000130 000000D6
00000131 000000D7
00000132 000000D7
00000133 000000D7
00000134 000000D7
00000135 000000D7
00000136 000000D7
00000137 000000D7
00000138 000000D7
00000139 000000D7
00000140 000000D7
00000141 00000000
00000142 00000000
00000143 00000000
00000144 00000000
00000145 00000000
00000146 00000000
00000147 00000000
00000148 00000000
00000149 00000000
00000150 00000000
00000151 00000000
00000152 000000D8
00000153 000000D8
00000154 000000D8
00000155 000000D8
00000156 000000D8
00000157 000000D8
00000158 000000D8
00000159 000000D8
00000160 000000D8
00000161 000000D8
00000162 000000D8
00000163 000000D8
00000164 000000D8
00000165 000000D8
00000166 000000D8
00000167 000000D8
00000168 000000D8
00000169 000000D8
00000170 000000D8
00000171 000000D8
00000172 000000D8
00000173 000000D8
00000174 000000D8
00000175 000000D8
00000176 000000D8
00000177 000000D8
00000178 000000D8
00000179 000000D8
00000180 000000D8
00000181 000000D8
00000182 000000D8
00000183 000000D8
00000184 000000D8
00000185 000000D8
00000186 000000D8
00000187 000000D8
00000188 000000D8
00000189 000000D8
00000190 000000D8
00000191 000000D8
00000192 000000D8
00000193 000000D7
00000194 000000D7
00000195 000000D7
00000196 000000D7
00000197 000000D7
00000198 000000D7
00000199 000000D7
00000200 000000D7
00000201 000000D7
00000202 000000D7
00000203 000000D7
00000204 000000D7
00000205 000000D7
00000206 000000D7
00000207 000000D7
00000208 000000D7
00000209 00000000
00000210 00000000
00000211 00000000
00000212 00000000
00000213 00000000
00000214 00000000
00000215 00000000
00000216 00000000
00000217 00000000
00000218 00000000
00000219 00000000
00000220 00000000
00000221 00000000
00000222 00000000
00000223 00000000
00000224 00000000
00000225 00000000
00000226 00000000
00000227 00000000
00000228 00000000
00000229 000000B4
00000230 000000D7
00000231 000000D7
00000232 000000D7
00000233 000000D7
00000234 000000D7
00000235 000000D7
00000236 000000D7
00000237 000000D7
00000238 000000D7
00000239 000000D7
00000240 000000D7
00000241 000000D7
00000242 000000D8
00000243 000000D8
00000244 000000D8
00000245 000000D8
00000246 000000D8
00000247 000000D8
00000248 000000D8
00000249 000000D8
00000250 000000D8
00000251 000000D8
00000252 000000D8
00000253 000000D8
00000254 000000D8
00000255 000000D9
00000256 000000D9
00000257 000000D9
00000258 000000D9
00000259 000000D9
00000260 000000D9
00000261 000000D9
00000262 000000D9
00000263 000000D9
00000264 000000D9
00000265 000000D9
00000266 000000D9
00000267 000000D9
00000268 000000D9
00000269 000000D9
00000270 000000D9
00000271 000000D9
00000272 000000D9
00000273 000000D9
00000274 000000D9
00000275 000000D9
00000276 000000D9
00000277 000000DA
00000278 000000DA
00000279 000000DA
00000280 000000DA
00000281 000000DA
00000282 000000DA
00000283 000000DA
00000284 000000DA
00000285 000000DA
00000286 000000DA
00000287 000000DA
00000288 000000DA
00000289 000000DA
00000290 000000DA
00000291 000000DA
00000292 000000DA
00000293 000000DA
00000294 000000DA
00000295 000000DA
00000296 000000DA
00000297 000000DA
00000298 000000DA
00000299 000000DB
00000300 000000DB
00000301 000000DB
00000302 000000DB
00000303 000000DB
00000304 000000DB
00000305 000000DB
00000306 000000DB
00000307 000000DB
00000308 000000DB
00000309 000000DB
00000310 000000DB
00000311 000000DB
00000312 000000DB
00000313 000000DB
00000314 000000DB
00000315 000000DB
00000316 000000DB
00000317 000000DC
00000318 000000DC
00000319 000000DC
00000320 000000DC
00000321 000000DC
00000322 000000DC
00000323 000000DC
00000324 000000DC
00000325 000000DC
00000326 000000DC
00000327 000000DC
00000328 000000DD
00000329 000000DD
00000330 000000DD
00000331 000000DD
00000332 000000DD
00000333 000000DD
00000334 000000DD
00000335 000000DE
00000336 00000000
00000337 00000000
00000338 00000000
00000339 00000000
00000340 00000000
00000341 00000000
00000342 00000000
00000343 00000000
00000344 00000000
00000345 00000000
00000346 000000DF
00000347 000000E0
00000348 000000E0
00000349 000000E0
00000350 000000E0
00000351 000000E0
00000352 000000E1
00000353 000000E1
00000354 000000E1
00000355 000000E1
00000356 000000E1
00000357 000000E2
00000358 000000E2
00000359 000000E2
00000360 000000E2
00000361 000000E3
00000362 000000E3
00000363 000000E3
00000364 000000E3
00000365 000000E4
00000366 000000E4
00000367 000000E4
00000368 000000E4
00000369 000000E5
00000370 000000E5
00000371 000000E5
00000372 000000E5
00000373 000000E6
00000374 000000E6
00000375 000000E6
00000376 000000E6
00000377 000000E7
00000378 000000E7
00000379 000000E7
00000380 000000E7
00000381 000000E8
00000382 000000E8
00000383 000000E8
00000384 000000E8
00000385 000000E9
00000386 000000E9
00000387 000000E9
00000388 000000E9
00000389 000000E9
00000390 000000EA
00000391 000000EA
00000392 000000EA
00000393 000000EA
00000394 000000EA
00000395 000000EB
00000396 000000EB
00000397 000000EB
00000398 000000EB
00000399 000000EB
00000400 000000EC
00000401 000000EC
00000402 000000EC
00000403 000000EC
00000404 000000EC
00000405 000000ED
00000406 000000ED
00000407 000000ED
00000408 000000ED
00000409 000000ED
00000410 000000ED
00000411 000000EE
00000412 000000EE
00000413 000000EE
00000414 000000EE
00000415 000000EE
00000416 000000EE
00000417 000000EE
00000418 000000EE
00000419 000000EF
00000420 000000EF
00000421 000000EF
00000422 000000EF
00000423 000000EF
00000424 000000EF
00000425 000000EF
00000426 000000EF
00000427 000000EF
00000428 000000EF
00000429 000000F0
00000430 000000F0
00000431 000000F0
00000432 000000F0
00000433 000000F0
00000434 000000F0
00000435 000000F0
00000436 000000F0
00000437 000000F0
00000438 000000F0
00000439 000000F0
00000440 000000F0
00000441 000000F0
00000442 000000F0
00000443 000000F0
00000444 000000F1
00000445 000000F1
00000446 000000F1
00000447 000000F1
00000448 000000F1
00000449 000000F1
00000450 000000F1
00000451 000000F1
00000452 000000F1
00000453 000000F1
00000454 000000F1
00000455 000000F1
00000456 000000F1
00000457 000000F1
00000458 000000F1
00000459 000000F1
00000460 000000F1
00000461 000000F0
00000462 000000F0
00000463 000000F0
00000464 000000F0
00000465 000000F0
00000466 000000F0
00000467 000000F0
00000468 000000F0
00000469 000000F0
00000470 000000F0
00000471 000000F0
00000472 000000F0
00000473 000000F0
00000474 000000F0
00000475 000000F0
00000476 000000F0
00000477 000000F0
00000478 000000F0
00000479 000000F0
00000480 000000F0
00000481 000000F0
00000482 000000F0
00000483 000000F0
00000484 000000F0
00000485 000000F0
00000486 000000F0
00000487 000000F0
00000488 000000F0
00000489 000000F0
00000490 000000F0
00000491 000000F0
00000492 000000F0
00000493 000000F0
00000494 000000F0
00000495 000000F0
00000496 00000000
00000497 00000000
00000498 00000000
00000499 00000000
00000500 00000000
00000501 00000000
00000502 00000000
00000503 00000000
00000504 00000000
00000505 00000000
00000506 00000000
00000507 00000000
00000508 00000000
00000509 00000000
00000510 00000000
00000511 00000000
00000512 00000000
00000513 00000000
00000514 00000000
00000515 00000000
00000516 00000000
00000517 00000000
00000518 000000F1
00000519 000000F1
00000520 000000F1
00000521 000000F0
00000522 000000F0
00000523 000000F0
00000524 000000F0
00000525 000000F0
00000526 000000F0
00000527 000000F0
00000528 000000F0
00000529 000000F0
00000530 000000F0
00000531 000000F0
00000532 000000EF
00000533 000000EF
00000534 000000EF
00000535 000000EF
00000536 000000EF
00000537 000000EF
00000538 000000EF
00000539 000000EF
00000540 000000EF
00000541 000000EE
00000542 000000EE
00000543 000000EE
00000544 000000EE
00000545 000000EE
00000546 000000EE
00000547 000000EE
00000548 000000EE
00000549 000000EE
00000550 000000EE
00000551 000000EE
00000552 000000EE
00000553 000000EE
00000554 000000EE
00000555 000000EE
00000556 000000ED
00000557 000000ED
00000558 000000ED
00000559 000000ED
00000560 000000ED
00000561 000000ED
00000562 000000ED
00000563 000000ED
00000564 000000ED
00000565 000000ED
00000566 000000ED
00000567 000000ED
00000568 000000ED
00000569 000000ED
00000570 000000ED
00000571 000000ED
00000572 000000ED
00000573 000000ED
00000574 000000ED
00000575 000000ED
00000576 000000ED
00000577 000000ED
00000578 000000ED
00000579 000000ED
00000580 000000ED
00000581 000000ED
00000582 000000ED
00000583 000000ED
00000584 000000ED
00000585 000000ED
00000586 000000ED
00000587 000000ED
00000588 000000ED
00000589 000000ED
00000590 000000ED
00000591 000000ED
00000592 000000ED
00000593 000000ED
00000594 000000ED
00000595 000000ED
00000596 000000ED
00000597 000000ED
00000598 000000ED
00000599 000000EE
00000600 000000EE
00000601 000000EE
00000602 000000EE
00000603 000000EE
00000604 000000EE
00000605 000000EE
00000606 000000EE
00000607 000000EE
00000608 000000EE
00000609 000000EE
00000610 000000EE
00000611 000000EE
00000612 000000EE
00000613 000000EE
00000614 000000EE
00000615 000000EE
00000616 000000EE
00000617 000000EE
00000618 000000EE
00000619 000000EE
00000620 000000EE
00000621 000000EE
00000622 000000EE
00000623 000000EE
00000624 000000EE
00000625 000000EE
00000626 000000ED
00000627 000000ED
00000628 000000ED
00000629 000000ED
00000630 000000ED
00000631 000000ED
00000632 000000ED
00000633 000000EC
00000634 000000EC
00000635 000000EC
00000636 000000EC
00000637 000000EC
00000638 000000EC
00000639 000000EC
00000640 000000EC
00000641 000000EB
00000642 000000EB
00000643 000000EB
00000644 000000EB
00000645 000000EB
00000646 000000EB
00000647 000000EB
00000648 000000EB
00000649 000000EB
00000650 000000EB
00000651 000000EB
00000652 000000EB
00000653 000000EB
00000654 000000EB
00000655 000000EC
00000656 000000EC
00000657 000000EC
00000658 000000D2
00000659 000000D2
00000660 000000D2
00000661 000000D2
00000662 000000D2
00000663 00000000
00000664 00000000
00000665 00000000
00000666 00000000
00000667 00000000
00000668 00000000
00000669 00000000
00000670 00000000
00000671 00000000
00000672 00000000
00000673 00000000
00000674 00000000
00000675 000000ED
00000676 000000EE
00000677 000000EE
00000678 000000EE
00000679 000000EE
00000680 000000EE
00000681 000000EE
00000682 000000EE
00000683 000000EE
00000684 000000EE
00000685 000000ED
00000686 000000ED
00000687 000000ED
00000688 000000ED
00000689 000000ED
00000690 000000ED
00000691 000000ED
00000692 000000ED
00000693 000000ED
00000694 000000ED
00000695 000000ED
00000696 000000ED
00000697 000000ED
00000698 000000ED
00000699 000000ED
00000700 000000EC
00000701 000000EC
00000702 000000EC
00000703 000000EC
00000704 000000EC
00000705 000000EC
00000706 000000EC
00000707 000000EC
00000708 000000EC
00000709 000000EC
00000710 000000EC
00000711 000000EC
00000712 000000EC
00000713 000000EC
00000714 000000EC
00000715 000000EC
00000716 000000EC
00000717 000000EC
00000718 000000EC
00000719 000000EC
00000720 000000EC
00000721 000000ED
00000722 000000ED
00000723 000000ED
00000724 000000ED
00000725 000000ED
00000726 000000ED
00000727 000000ED
00000728 000000EE
00000729 000000EE
00000730 000000EE
00000731 000000EE
00000732 000000EE
00000733 000000EE
00000734 000000EF
00000735 000000EF
00000736 000000EF
00000737 000000EF
00000738 000000EF
00000739 000000EF
00000740 000000EF
00000741 000000EF
00000742 000000EF
00000743 000000EF
00000744 000000F0
00000745 000000F0
00000746 000000F0
00000747 000000EF
00000748 000000EF
00000749 000000EF
00000750 000000EF
00000751 000000EF
00000752 000000EF
00000753 000000EF
00000754 000000EF
00000755 000000EF
00000756 000000EF
00000757 000000EF
00000758 000000EE
00000759 000000EE
00000760 000000EE
00000761 000000EE
00000762 000000EE
00000763 000000EE
00000764 000000EE
00000765 000000ED
00000766 000000ED
00000767 000000ED
00000768 000000ED
00000769 000000ED
00000770 000000ED
00000771 000000ED
00000772 000000ED
00000773 000000EC
00000774 000000EC
00000775 000000EC
00000776 000000EC
00000777 000000EC
00000778 000000EC
00000779 000000EC
00000780 000000EC
00000781 000000EC
00000782 000000EC
00000783 00000000
00000784 00000000
00000785 00000000
00000786 00000000
00000787 00000000
00000788 00000000
00000789 00000000
00000790 00000000
00000791 00000000
00000792 00000000
00000793 00000000
00000794 00000000
00000795 00000000
00000796 00000000
00000797 00000000
00000798 00000000
00000799 00000000
00000800 00000000
00000801 00000000
00000802 00000000
00000803 00000000
00000804 00000000
00000805 00000000
00000806 00000000
00000807 00000000
00000808 00000000
00000809 000000ED
00000810 000000ED
00000811 000000ED
00000812 000000ED
00000813 000000ED
00000814 000000ED
00000815 000000ED
00000816 000000ED
00000817 000000ED
00000818 000000ED
00000819 000000ED
00000820 000000ED
00000821 000000ED
00000822 000000ED
00000823 000000ED
00000824 000000ED
00000825 000000ED
00000826 000000ED
00000827 000000EE
00000828 000000EE
00000829 000000EE
00000830 000000EE
00000831 000000EE
00000832 000000EE
00000833 000000EE
00000834 000000EE
00000835 000000EE
00000836 000000EE
00000837 000000EE
00000838 000000EE
00000839 000000EE
00000840 000000EE
00000841 000000EE
00000842 000000EE
00000843 000000EE
00000844 000000EE
00000845 000000EE
00000846 000000EE
00000847 000000EE
00000848 000000EE
00000849 000000EE
00000850 000000EE
00000851 000000EE
00000852 000000EE
00000853 000000EE
00000854 000000EE
00000855 000000EE
00000856 000000EE
00000857 000000EE
00000858 000000EE
00000859 000000EE
00000860 000000ED
00000861 000000ED
00000862 000000ED
00000863 000000ED
00000864 000000ED
00000865 000000ED
00000866 000000ED
00000867 000000ED
00000868 000000ED
00000869 000000ED
00000870 000000ED
00000871 000000ED
00000872 000000ED
00000873 000000ED
00000874 000000ED
00000875 000000ED
00000876 000000ED
00000877 000000ED
00000878 000000ED
00000879 000000ED
00000880 000000ED
00000881 000000ED
00000882 000000ED
00000883 000000ED
00000884 000000ED
00000885 000000EE
00000886 000000EE
00000887 000000EE
00000888 000000EE
00000889 000000EE
00000890 000000EE
00000891 000000EF
00000892 000000EF
00000893 000000EF
00000894 000000EF
00000895 000000EF
00000896 000000F0
00000897 000000F0
00000898 000000F0
00000899 000000F0
00000900 000000F0
00000901 000000F1
00000902 000000F1
00000903 000000F1
00000904 000000F1
00000905 000000F1
00000906 000000F1
00000907 000000F1
00000908 000000F1
00000909 000000F1
00000910 000000F1
00000911 000000F1
00000912 000000F1
00000913 000000F1
00000914 000000F1
00000915 000000F1
00000916 000000F1
00000917 000000F0
00000918 000000F0
00000919 000000F0
00000920 000000F0
00000921 000000EF
00000922 000000EF
00000923 000000EF
00000924 000000EF
00000925 000000EE
00000926 000000EE
00000927 000000EE
00000928 000000EE
00000929 000000ED
00000930 000000ED
00000931 000000ED
00000932 000000ED
00000933 000000EC
00000934 000000EC
00000935 000000EC
00000936 000000EC
00000937 000000EC
00000938 000000EC
00000939 000000EC
00000940 000000EB
00000941 000000EB
00000942 00000000
00000943 00000000
00000944 00000000
00000945 00000000
00000946 00000000
00000947 00000000
00000948 00000000
00000949 00000000
00000950 00000000
00000951 00000000
00000952 00000000
00000953 00000000
00000954 000000ED
00000955 000000ED
00000956 000000ED
00000957 000000EE
00000958 000000EE
00000959 000000EE
00000960 000000EF
00000961 000000EF
00000962 000000EF
00000963 000000EF
00000964 000000F0
00000965 000000F0
00000966 000000F0
00000967 000000F1
00000968 000000F1
00000969 000000F1
00000970 000000F1
00000971 000000F2
00000972 000000F2
00000973 000000F2
00000974 000000F2
00000975 000000F3
00000976 000000F3
00000977 000000F3
00000978 000000F3
00000979 000000F4
00000980 000000F4
00000981 000000F4
00000982 000000F4
00000983 000000F4
00000984 000000F5
00000985 000000F5
00000986 000000F5
00000987 000000F5
00000988 000000F5
00000989 000000F6
00000990 000000F6
00000991 000000F6
00000992 000000F6
00000993 000000F6
00000994 000000F7
00000995 000000F7
00000996 000000F7
00000997 000000F7
00000998 000000F8
00000999 000000F8
00001000 000000F8
00001001 000000F8
00001002 000000F9
00001003 000000F9
00001004 000000F9
00001005 000000F9
00001006 000000FA
00001007 000000FA
00001008 000000FA
00001009 000000FA
00001010 000000FB
00001011 000000FB
00001012 000000FB
00001013 000000FC
00001014 000000FC
00001015 000000FC
00001016 000000FD
00001017 000000FD
00001018 000000FD
00001019 000000FE
00001020 000000FE
00001021 000000FE
00001022 000000FF
00001023 000000FF
00001024 00000100
00001025 00000100
00001026 00000100
00001027 00000101
00001028 00000101
00001029 00000101
00001030 00000102
00001031 00000102
00001032 00000102
00001033 00000103
00001034 00000103
00001035 00000103
00001036 00000104
00001037 00000104
00001038 00000104
00001039 00000105
00001040 00000105
00001041 00000105
00001042 00000106
00001043 00000106
00001044 00000106
00001045 00000106
00001046 00000107
00001047 00000107
00001048 00000107
00001049 00000107
00001050 00000108
00001051 00000108
00001052 00000108
00001053 00000108
00001054 00000109
00001055 00000109
00001056 00000109
00001057 00000109
00001058 00000109
00001059 0000010A
00001060 0000010A
00001061 0000010A
00001062 0000010A
00001063 0000010A
00001064 0000010A
00001065 0000010A
00001066 000000D8
00001067 000000D8
00001068 000000D8
00001069 000000E1
00001070 00000000
00001071 00000000
00001072 00000000
00001073 00000000
00001074 00000000
00001075 00000000
00001076 00000000
00001077 00000000
00001078 00000000
00001079 00000000
00001080 00000000
00001081 00000000
00001082 00000000
00001083 00000000
00001084 00000000
00001085 00000000
00001086 00000000
00001087 00000000
00001088 00000000
00001089 00000000
00001090 00000000
00001091 00000000
00001092 00000000
00001093 00000000
00001094 00000000
00001095 00000000
00001096 00000000
00001097 00000000
00001098 00000000
00001099 00000000
00001100 00000000
00001101 00000000
00001102 00000000
00001103 00000000
00001104 00000000
00001105 00000000
00001106 00000000
00001107 00000000
00001108 00000000
00001109 00000000
00001110 00000000
00001111 00000000
00001112 00000000
00001113 00000000
00001114 00000000
00001115 00000000
00001116 00000000
00001117 00000000
00001118 00000000
00001119 00000000
00001120 00000000
00001121 00000000
00001122 00000000
00001123 00000000
00001124 00000000
00001125 00000000
00001126 00000000
00001127 00000000
00001128 00000000
00001129 00000000
00001130 00000000
00001131 00000000
00001132 00000000
00001133 00000000
00001134 00000000
00001135 00000000
00001136 00000000
00001137 00000000
00001138 00000000
00001139 00000000
00001140 00000000
00001141 00000000
00001142 00000000
00001143 00000000
00001144 00000000
00001145 00000000
00001146 00000000
00001147 00000000
00001148 00000000
00001149 00000000
00001150 00000000
00001151 00000000
00001152 00000000
00001153 00000000
00001154 00000000
