# Prescaler 6400_nawp_4db_081112
00000000 00000000
00000001 00000000
00000002 00000000
00000003 00000000
00000004 00000000
00000005 00000000
00000006 00000000
00000007 00000000
00000008 00000000
00000009 00000000
00000010 00000000
00000011 00000000
00000012 000000D4
00000013 0000010D
00000014 0000010D
00000015 0000010D
00000016 0000010D
00000017 0000010D
00000018 0000010D
00000019 0000010E
00000020 0000010E
00000021 00000111
00000022 00000110
00000023 00000110
00000024 00000110
00000025 00000110
00000026 00000110
00000027 00000110
00000028 00000110
00000029 00000110
00000030 00000110
00000031 00000110
00000032 00000110
00000033 00000110
00000034 00000110
00000035 00000110
00000036 0000010F
00000037 0000010F
00000038 0000010F
00000039 0000010E
00000040 0000010D
00000041 0000010D
00000042 0000010C
00000043 0000010C
00000044 0000010B
00000045 0000010B
00000046 0000010A
00000047 0000010A
00000048 0000010A
00000049 0000010A
00000050 0000010A
00000051 0000010A
00000052 0000010A
00000053 0000010B
00000054 0000010B
00000055 0000010B
00000056 0000010B
00000057 0000010B
00000058 0000010C
00000059 0000010C
00000060 0000010C
00000061 0000010C
00000062 0000010D
00000063 0000010D
00000064 0000010D
00000065 0000010D
00000066 00000000
00000067 00000000
00000068 00000000
00000069 00000000
00000070 00000000
00000071 00000000
00000072 00000000
00000073 00000000
00000074 00000000
00000075 00000000
00000076 00000000
00000077 00000000
00000078 00000000
00000079 00000000
00000080 00000000
00000081 00000000
00000082 00000000
00000083 00000000
00000084 00000000
00000085 00000000
00000086 00000000
00000087 00000000
00000088 00000000
00000089 00000000
00000090 00000000
00000091 00000000
00000092 00000000
00000093 00000000
00000094 000000EE
00000095 0000010C
00000096 0000010C
00000097 0000010C
00000098 0000010C
00000099 0000010C
00000100 0000010C
00000101 0000010B
00000102 0000010B
00000103 0000010C
00000104 0000010C
00000105 0000010C
00000106 0000010B
00000107 0000010B
00000108 0000010B
00000109 0000010B
00000110 0000010B
00000111 0000010B
00000112 0000010B
00000113 0000010C
00000114 0000010C
00000115 0000010C
00000116 0000010C
00000117 0000010C
00000118 0000010D
00000119 0000010D
00000120 0000010D
00000121 0000010D
00000122 0000010D
00000123 0000010E
00000124 0000010E
00000125 0000010F
00000126 0000010F
00000127 00000110
00000128 00000110
00000129 00000110
00000130 00000111
00000131 00000111
00000132 00000111
00000133 00000111
00000134 00000112
00000135 00000112
00000136 00000112
00000137 00000112
00000138 00000112
00000139 00000112
00000140 00000112
00000141 00000000
00000142 00000000
00000143 00000000
00000144 00000000
00000145 00000000
00000146 00000000
00000147 00000000
00000148 00000000
00000149 00000000
00000150 00000000
00000151 00000000
00000152 00000110
00000153 00000110
00000154 00000110
00000155 00000110
00000156 0000010F
00000157 0000010F
00000158 0000010F
00000159 0000010F
00000160 0000010E
00000161 0000010E
00000162 0000010D
00000163 0000010D
00000164 0000010C
00000165 0000010C
00000166 0000010C
00000167 0000010B
00000168 0000010B
00000169 0000010B
00000170 0000010C
00000171 0000010C
00000172 0000010C
00000173 0000010D
00000174 0000010D
00000175 0000010E
00000176 0000010E
00000177 0000010F
00000178 0000010F
00000179 00000110
00000180 00000110
00000181 00000110
00000182 00000110
00000183 00000110
00000184 0000010F
00000185 0000010F
00000186 0000010E
00000187 0000010E
00000188 0000010D
00000189 0000010C
00000190 0000010C
00000191 0000010C
00000192 0000010B
00000193 0000010B
00000194 0000010B
00000195 0000010B
00000196 0000010B
00000197 0000010B
00000198 0000010B
00000199 0000010B
00000200 0000010C
00000201 0000010C
00000202 0000010C
00000203 0000010D
00000204 0000010D
00000205 0000010D
00000206 0000010D
00000207 0000010D
00000208 0000010D
00000209 00000000
00000210 00000000
00000211 00000000
00000212 00000000
00000213 00000000
00000214 00000000
00000215 00000000
00000216 00000000
00000217 00000000
00000218 00000000
00000219 00000000
00000220 00000000
00000221 00000000
00000222 00000000
00000223 00000000
00000224 00000000
00000225 00000000
00000226 00000000
00000227 00000000
00000228 00000000
00000229 000000C8
00000230 0000010C
00000231 0000010C
00000232 0000010C
00000233 0000010C
00000234 0000010B
00000235 0000010B
00000236 0000010B
00000237 0000010B
00000238 0000010E
00000239 0000010E
00000240 0000010E
00000241 0000010E
00000242 0000010E
00000243 0000010E
00000244 0000010E
00000245 0000010E
00000246 0000010E
00000247 0000010E
00000248 0000010E
00000249 0000010E
00000250 0000010F
00000251 0000010F
00000252 0000010F
00000253 00000110
00000254 00000110
00000255 00000111
00000256 00000111
00000257 00000111
00000258 00000112
00000259 00000112
00000260 00000113
00000261 00000113
00000262 00000113
00000263 00000114
00000264 00000114
00000265 00000115
00000266 00000115
00000267 00000115
00000268 00000115
00000269 00000116
00000270 00000116
00000271 00000116
00000272 00000116
00000273 00000116
00000274 00000116
00000275 00000115
00000276 00000115
00000277 00000115
00000278 00000115
00000279 00000115
00000280 00000115
00000281 00000115
00000282 00000116
00000283 00000116
00000284 00000116
00000285 00000116
00000286 00000117
00000287 00000117
00000288 00000117
00000289 00000117
00000290 00000118
00000291 00000118
00000292 00000118
00000293 00000118
00000294 00000119
00000295 00000119
00000296 00000119
00000297 00000119
00000298 0000011A
00000299 0000011A
00000300 0000011A
00000301 0000011A
00000302 0000011A
00000303 0000011A
00000304 0000011A
00000305 00000119
00000306 00000119
00000307 00000119
00000308 00000119
00000309 00000118
00000310 00000118
00000311 00000118
00000312 00000118
00000313 00000118
00000314 00000118
00000315 00000118
00000316 00000118
00000317 00000118
00000318 00000118
00000319 00000118
00000320 00000118
00000321 00000119
00000322 00000119
00000323 00000119
00000324 0000011A
00000325 0000011A
00000326 0000011B
00000327 0000011B
00000328 0000011B
00000329 0000011B
00000330 0000011C
00000331 0000011C
00000332 0000011C
00000333 0000011C
00000334 0000011C
00000335 0000011C
00000336 00000000
00000337 00000000
00000338 00000000
00000339 00000000
00000340 00000000
00000341 00000000
00000342 00000000
00000343 00000000
00000344 00000000
00000345 00000000
00000346 0000011F
00000347 00000120
00000348 00000120
00000349 0000011F
00000350 0000011F
00000351 00000120
00000352 00000120
00000353 00000120
00000354 00000120
00000355 00000120
00000356 00000120
00000357 0000011F
00000358 0000011F
00000359 0000011F
00000360 00000120
00000361 00000120
00000362 00000120
00000363 00000120
00000364 00000120
00000365 00000120
00000366 00000120
00000367 00000120
00000368 00000120
00000369 00000120
00000370 00000120
00000371 00000120
00000372 00000120
00000373 00000120
00000374 00000120
00000375 00000121
00000376 00000121
00000377 00000121
00000378 00000122
00000379 00000122
00000380 00000122
00000381 00000122
00000382 00000123
00000383 00000123
00000384 00000123
00000385 00000124
00000386 00000124
00000387 00000124
00000388 00000125
00000389 00000125
00000390 00000125
00000391 00000125
00000392 00000125
00000393 00000125
00000394 00000124
00000395 00000125
00000396 00000125
00000397 00000125
00000398 00000125
00000399 00000126
00000400 00000126
00000401 00000125
00000402 00000125
00000403 00000125
00000404 00000125
00000405 00000125
00000406 00000125
00000407 00000125
00000408 00000125
00000409 00000125
00000410 00000126
00000411 00000126
00000412 00000126
00000413 00000126
00000414 00000126
00000415 00000126
00000416 00000126
00000417 00000126
00000418 00000126
00000419 00000126
00000420 00000126
00000421 00000127
00000422 00000127
00000423 00000127
00000424 00000127
00000425 00000127
00000426 00000128
00000427 00000128
00000428 00000128
00000429 00000128
00000430 00000127
00000431 00000127
00000432 00000127
00000433 00000128
00000434 00000128
00000435 00000128
00000436 00000128
00000437 00000129
00000438 00000129
00000439 00000129
00000440 0000012A
00000441 0000012A
00000442 0000012A
00000443 0000012B
00000444 0000012B
00000445 0000012B
00000446 0000012B
00000447 0000012C
00000448 0000012C
00000449 0000012C
00000450 0000012D
00000451 0000012D
00000452 0000012D
00000453 0000012D
00000454 0000012D
00000455 0000012D
00000456 0000012D
00000457 0000012D
00000458 0000012D
00000459 0000012D
00000460 0000012D
00000461 0000012D
00000462 0000012D
00000463 0000012D
00000464 0000012D
00000465 0000012C
00000466 0000012C
00000467 0000012C
00000468 0000012B
00000469 0000012B
00000470 0000012A
00000471 0000012A
00000472 0000012A
00000473 0000012A
00000474 0000012A
00000475 0000012A
00000476 0000012A
00000477 00000129
00000478 00000129
00000479 00000129
00000480 00000129
00000481 00000129
00000482 0000012A
00000483 0000012A
00000484 0000012A
00000485 0000012B
00000486 0000012B
00000487 0000012C
00000488 0000012C
00000489 0000012C
00000490 0000012C
00000491 0000012C
00000492 0000012C
00000493 0000012C
00000494 0000012C
00000495 0000012D
00000496 00000000
00000497 00000000
00000498 00000000
00000499 00000000
00000500 00000000
00000501 00000000
00000502 00000000
00000503 00000000
00000504 00000000
00000505 00000000
00000506 00000000
00000507 00000000
00000508 00000000
00000509 00000000
00000510 00000000
00000511 00000000
00000512 00000000
00000513 00000000
00000514 00000000
00000515 00000000
00000516 00000000
00000517 00000000
00000518 0000013C
00000519 0000013C
00000520 0000013C
00000521 0000013C
00000522 0000013B
00000523 0000013B
00000524 0000013A
00000525 0000013A
00000526 00000139
00000527 00000139
00000528 00000139
00000529 00000138
00000530 00000138
00000531 00000137
00000532 00000136
00000533 00000135
00000534 00000134
00000535 00000134
00000536 00000133
00000537 00000132
00000538 00000132
00000539 00000131
00000540 00000131
00000541 00000130
00000542 00000130
00000543 00000130
00000544 00000130
00000545 00000130
00000546 00000130
00000547 00000130
00000548 00000130
00000549 00000130
00000550 00000131
00000551 00000131
00000552 00000131
00000553 00000131
00000554 00000132
00000555 00000132
00000556 00000132
00000557 00000133
00000558 00000133
00000559 00000133
00000560 00000134
00000561 00000134
00000562 00000135
00000563 00000135
00000564 00000135
00000565 00000136
00000566 00000137
00000567 00000137
00000568 00000138
00000569 00000139
00000570 00000139
00000571 0000013A
00000572 0000013A
00000573 0000013B
00000574 0000013B
00000575 0000013B
00000576 0000013B
00000577 0000013A
00000578 0000013A
00000579 00000139
00000580 00000138
00000581 00000138
00000582 00000138
00000583 00000137
00000584 00000136
00000585 00000136
00000586 00000135
00000587 00000135
00000588 00000134
00000589 00000134
00000590 00000134
00000591 00000134
00000592 00000134
00000593 00000134
00000594 00000135
00000595 00000135
00000596 00000136
00000597 00000136
00000598 00000137
00000599 00000137
00000600 00000137
00000601 00000137
00000602 00000137
00000603 00000137
00000604 00000136
00000605 00000136
00000606 00000135
00000607 00000135
00000608 00000134
00000609 00000134
00000610 00000133
00000611 00000133
00000612 00000132
00000613 00000131
00000614 00000131
00000615 00000131
00000616 00000130
00000617 00000130
00000618 00000130
00000619 00000130
00000620 00000130
00000621 00000130
00000622 00000130
00000623 00000131
00000624 00000131
00000625 00000131
00000626 00000132
00000627 00000132
00000628 00000132
00000629 00000133
00000630 00000132
00000631 00000132
00000632 00000132
00000633 00000132
00000634 00000132
00000635 00000133
00000636 00000132
00000637 00000132
00000638 00000132
00000639 00000132
00000640 00000132
00000641 00000132
00000642 00000132
00000643 00000132
00000644 00000133
00000645 00000133
00000646 00000134
00000647 00000135
00000648 00000135
00000649 00000136
00000650 00000137
00000651 00000137
00000652 00000138
00000653 00000139
00000654 00000135
00000655 00000136
00000656 00000136
00000657 00000136
00000658 00000136
00000659 00000136
00000660 00000108
00000661 000000EE
00000662 000000D4
00000663 00000000
00000664 00000000
00000665 00000000
00000666 00000000
00000667 00000000
00000668 00000000
00000669 00000000
00000670 00000000
00000671 00000000
00000672 00000000
00000673 00000000
00000674 00000000
00000675 00000139
00000676 00000138
00000677 00000137
00000678 00000137
00000679 00000136
00000680 00000136
00000681 00000135
00000682 00000135
00000683 00000135
00000684 00000134
00000685 00000132
00000686 00000132
00000687 00000131
00000688 00000130
00000689 00000130
00000690 0000012F
00000691 0000012E
00000692 0000012E
00000693 0000012C
00000694 0000012C
00000695 0000012B
00000696 0000012B
00000697 0000012A
00000698 00000129
00000699 00000129
00000700 00000128
00000701 00000127
00000702 00000127
00000703 00000126
00000704 00000126
00000705 00000125
00000706 00000125
00000707 00000124
00000708 00000124
00000709 00000124
00000710 00000124
00000711 00000124
00000712 00000124
00000713 00000123
00000714 00000123
00000715 00000123
00000716 00000123
00000717 00000123
00000718 00000123
00000719 00000122
00000720 00000122
00000721 00000122
00000722 00000123
00000723 00000123
00000724 00000123
00000725 00000122
00000726 00000123
00000727 00000123
00000728 00000123
00000729 00000123
00000730 00000123
00000731 00000123
00000732 00000123
00000733 00000122
00000734 00000123
00000735 00000123
00000736 00000124
00000737 00000124
00000738 00000124
00000739 00000124
00000740 00000125
00000741 00000125
00000742 00000125
00000743 00000125
00000744 00000126
00000745 00000126
00000746 00000126
00000747 00000126
00000748 00000126
00000749 00000126
00000750 00000126
00000751 00000126
00000752 00000126
00000753 00000126
00000754 00000125
00000755 00000125
00000756 00000125
00000757 00000125
00000758 00000124
00000759 00000124
00000760 00000124
00000761 00000123
00000762 00000123
00000763 00000123
00000764 00000122
00000765 00000122
00000766 00000123
00000767 00000123
00000768 00000123
00000769 00000124
00000770 00000124
00000771 00000124
00000772 00000123
00000773 00000123
00000774 00000123
00000775 00000124
00000776 00000124
00000777 00000124
00000778 00000124
00000779 00000124
00000780 00000124
00000781 00000125
00000782 0000011A
00000783 00000000
00000784 00000000
00000785 00000000
00000786 00000000
00000787 00000000
00000788 00000000
00000789 00000000
00000790 00000000
00000791 00000000
00000792 00000000
00000793 00000000
00000794 00000000
00000795 00000000
00000796 00000000
00000797 00000000
00000798 00000000
00000799 00000000
00000800 00000000
00000801 00000000
00000802 00000000
00000803 00000000
00000804 00000000
00000805 00000000
00000806 00000000
00000807 00000000
00000808 00000000
00000809 0000011B
00000810 0000011C
00000811 0000011C
00000812 0000011C
00000813 0000011C
00000814 0000011D
00000815 0000011D
00000816 0000011D
00000817 0000011D
00000818 0000011E
00000819 0000011E
00000820 0000011F
00000821 0000011F
00000822 00000120
00000823 00000120
00000824 00000120
00000825 00000121
00000826 00000122
00000827 00000122
00000828 00000123
00000829 00000124
00000830 00000124
00000831 00000125
00000832 00000125
00000833 00000126
00000834 00000127
00000835 00000128
00000836 00000128
00000837 00000129
00000838 00000129
00000839 0000012A
00000840 0000012B
00000841 0000012C
00000842 0000012C
00000843 0000012D
00000844 0000012E
00000845 0000012E
00000846 0000012F
00000847 0000012F
00000848 00000130
00000849 00000130
00000850 00000130
00000851 00000131
00000852 00000131
00000853 00000131
00000854 00000131
00000855 00000131
00000856 00000131
00000857 00000131
00000858 00000131
00000859 00000131
00000860 00000130
00000861 00000130
00000862 0000012F
00000863 0000012F
00000864 0000012F
00000865 0000012F
00000866 0000012F
00000867 0000012F
00000868 0000012F
00000869 0000012F
00000870 0000012F
00000871 0000012F
00000872 0000012F
00000873 0000012F
00000874 0000012F
00000875 0000012F
00000876 0000012F
00000877 0000012F
00000878 0000012F
00000879 0000012F
00000880 0000012F
00000881 0000012E
00000882 0000012E
00000883 0000012D
00000884 0000012D
00000885 0000012C
00000886 0000012B
00000887 0000012B
00000888 0000012A
00000889 0000012A
00000890 0000012A
00000891 0000012A
00000892 00000129
00000893 00000129
00000894 00000128
00000895 00000128
00000896 00000128
00000897 00000128
00000898 00000128
00000899 00000128
00000900 00000128
00000901 00000128
00000902 00000128
00000903 00000129
00000904 00000129
00000905 00000129
00000906 0000012A
00000907 0000012A
00000908 0000012A
00000909 00000129
00000910 0000012A
00000911 0000012A
00000912 0000012A
00000913 0000012A
00000914 0000012A
00000915 0000012A
00000916 0000012A
00000917 0000012A
00000918 0000012A
00000919 0000012A
00000920 00000129
00000921 00000129
00000922 00000129
00000923 00000129
00000924 00000129
00000925 00000129
00000926 00000129
00000927 00000128
00000928 00000128
00000929 00000128
00000930 00000128
00000931 00000128
00000932 00000128
00000933 00000128
00000934 00000128
00000935 00000128
00000936 00000128
00000937 00000128
00000938 00000128
00000939 00000128
00000940 00000128
00000941 00000128
00000942 00000000
00000943 00000000
00000944 00000000
00000945 00000000
00000946 00000000
00000947 00000000
00000948 00000000
00000949 00000000
00000950 00000000
00000951 00000000
00000952 00000000
00000953 00000000
00000954 0000011F
00000955 0000011F
00000956 0000011E
00000957 0000011E
00000958 0000011E
00000959 0000011E
00000960 0000011E
00000961 0000011F
00000962 0000011F
00000963 0000011E
00000964 0000011E
00000965 0000011E
00000966 0000011F
00000967 0000011F
00000968 0000011F
00000969 0000011F
00000970 0000011F
00000971 00000120
00000972 00000120
00000973 00000120
00000974 00000120
00000975 00000120
00000976 00000121
00000977 00000121
00000978 00000121
00000979 00000121
00000980 00000121
00000981 00000121
00000982 00000122
00000983 00000122
00000984 00000122
00000985 00000122
00000986 00000122
00000987 00000122
00000988 00000121
00000989 00000122
00000990 00000122
00000991 00000122
00000992 00000122
00000993 00000122
00000994 00000122
00000995 00000122
00000996 00000122
00000997 00000122
00000998 00000121
00000999 00000121
00001000 00000121
00001001 00000121
00001002 00000121
00001003 00000121
00001004 00000120
00001005 00000120
00001006 00000120
00001007 00000120
00001008 0000011F
00001009 0000011F
00001010 0000011E
00001011 0000011E
00001012 0000011D
00001013 0000011D
00001014 0000011D
00001015 0000011C
00001016 0000011C
00001017 0000011C
00001018 0000011B
00001019 0000011B
00001020 0000011B
00001021 0000011A
00001022 0000011A
00001023 0000011A
00001024 0000011A
00001025 00000119
00001026 00000119
00001027 00000119
00001028 00000119
00001029 00000119
00001030 00000119
00001031 00000118
00001032 00000118
00001033 00000117
00001034 00000117
00001035 00000117
00001036 00000116
00001037 00000116
00001038 00000116
00001039 00000116
00001040 00000116
00001041 00000116
00001042 00000117
00001043 00000117
00001044 00000117
00001045 00000117
00001046 00000117
00001047 00000117
00001048 00000118
00001049 00000119
00001050 0000011A
00001051 0000011B
00001052 0000011B
00001053 0000011C
00001054 0000011D
00001055 0000011E
00001056 0000011F
00001057 00000120
00001058 0000011F
00001059 0000011E
00001060 0000011D
00001061 0000011C
00001062 0000011C
00001063 0000011D
00001064 0000011D
00001065 0000011D
00001066 0000011C
00001067 0000011A
00001068 000000FC
00001069 000000E0
00001070 00000000
00001071 00000000
00001072 00000000
00001073 00000000
00001074 00000000
00001075 00000000
00001076 00000000
00001077 00000000
00001078 00000000
00001079 00000000
00001080 00000000
00001081 00000000
00001082 00000000
00001083 00000000
00001084 00000000
00001085 00000000
00001086 00000000
00001087 00000000
00001088 00000000
00001089 00000000
00001090 00000000
00001091 00000000
00001092 00000000
00001093 00000000
00001094 00000000
00001095 00000000
00001096 00000000
00001097 00000000
00001098 00000000
00001099 00000000
00001100 00000000
00001101 00000000
00001102 00000000
00001103 00000000
00001104 00000000
00001105 00000000
00001106 00000000
00001107 00000000
00001108 00000000
00001109 00000000
00001110 00000000
00001111 00000000
00001112 00000000
00001113 00000000
00001114 00000000
00001115 00000000
00001116 00000000
00001117 00000000
00001118 00000000
00001119 00000000
00001120 00000000
00001121 00000000
00001122 00000000
00001123 00000000
00001124 00000000
00001125 00000000
00001126 00000000
00001127 00000000
00001128 00000000
00001129 00000000
00001130 00000000
00001131 00000000
00001132 00000000
00001133 00000000
00001134 00000000
00001135 00000000
00001136 00000000
00001137 00000000
00001138 00000000
00001139 00000000
00001140 00000000
00001141 00000000
00001142 00000000
00001143 00000000
00001144 00000000
00001145 00000000
00001146 00000000
00001147 00000000
00001148 00000000
00001149 00000000
00001150 00000000
00001151 00000000
00001152 00000000
00001153 00000000
00001154 00000000
